0111111001010
0110001111001100101110010
01111010
0110001001101
0101110101101101001
0101101100010
0100010010100100111001001101101111
0101001011001101011111011110001101010
010101101100011000101100111001010100001111101010010010101 pouzite 1
011110001001000110100111001101111010011110001001110100101
01111011
01010000100011011
010101
010101
01000011011000
01111011
01011111111011101100001
010100001111101010010010101 pouzite 1
0111101000001010
01011110101111010110110101111010







0111111001010
0110001111001100101110010
01111010
0110001001101
0101110101101101001
0101101100010
0100010010100100111001001101101111
0101001011001101011111011110001101010
010101101100011000101100111001
011110001001000110100111001101111010011110001001110100101
01111011
01010000100011011
010101
010101
01000011011000
01111011
01011111111011101100001
010100001111101010010010101
0111101000001010
01011110101111010110110101111010



0000000000000000000000000111111001010
0000000000000110001111001100101110010
0000000000000000000000000110001001101
0000000000000000000101110101101101001
0000000000000000000000000101101100010
0000100010010100100111001001101101111
0101001011001101011111011110001101010
0000000010101101100011000101100111001
011110001001000110100111001101111010011110001001110100101
000000000000000000000000000001111011
01010000100011011
010101
010101
01000011011000
01111011
01011111111011101100001
010100001111101010010010101
0111101000001010
01011110101111010110110101111010
